334101 52.61 13.97
364122 50.9299 11.6788
372104 50.7132 12.8872
850201 48.5311 13.3234
363103 51.5055 10.8185
263202 50.4 7.39
364535 50.9489 11.3906
687502 49.55 7.01
931002 49.7798 9.9045
349606 51.7593 11.9814
374320 50.5826 12.0012
528501 51.9683 9.2915
912601 49.5835 11.2481
506496 52.062176411 9.9960080164
382107 54.244077624 12.439558352
868301 48.0557 12.7618
431984 54.331859579 10.127695563
377112 50.5899 12.7012
677201 50.2 7.85
680500 49.1344 7.5417
351182 51.1126 13.7728
908401 48.7205 10.6251
366030 50.7771 12.0632
337632 52.243146346 13.639895147
383053 54.457825912 13.251261723
385014 53.589877018 11.399837335
674201 50.18 7.6
376510 50.6139 12.2479
602207 49.5109 9.0754
917401 49.2211 11.215
377114 50.6215 12.7247
333806 52.64 13.6121
399315 53.384221219 12.601433262
346015 51.4601 11.8162
367024 50.4838 11.1605
367056 50.5791 11.1396
338102 52.3269 12.5947
613103 49.94 8.17
372078 50.9666 13.1307
981800 49.31326604 10.576330093
538102 51.879304583 10.153873739
393500 52.436 11.8059
873102 48.6149 12.4715
399602 53.7676 12.5767
621567 49.49 8.36
937104 49.684 9.272
263700 50.41 7.45
683100 49.31 6.75
851007 48.5663 13.4317
964201 49.8695 11.8816
553240 51.8784 9.5448
357306 51.526200953 13.9998203
944301 48.787618663 11.831698919
997202 49.3809 12.7193
855201 48.84 13.4022
984204 49.5541 10.2562
421025 53.098269637 8.8940774954
332202 52.62 13.13
865101 47.7333 12.9003
460800 54.767376787 9.329539889
382313 54.3605 12.7118
602112 49.9766 9.1781
677106 50.15 7.71
337621 52.35 13.63
383106 54.310789339 13.046408902
337622 52.332334 13.638774
337311 52.22 13.22
927502 49.894466034 11.706540118
346035 51.6171 11.8847
971001 50.2066 10.1156
364280 50.8643 11.7343
347602 51.638 11.5113
347603 51.6465 11.5053
332053 52.33 13.07
364112 50.9411 11.5941
393870 52.8354 12.0785
474800 53.405170838 8.7812543307
819103 48.0315 10.8827
399324 53.4766008 12.4179597
828198 48.241947978 10.49509358
351162 51.0034 13.8436
913189 49.576334972 11.01483972
349107 51.8693 12.6109
265400 50.3 7.31
633202 49.24 7.39
551002 51.5842 9.9572
884600 47.712875773 11.152617797
659101 50.21 6.66
394900 52.029313427 11.225869755
551700 51.519299167 9.9405372633
337310 52.19 13.25
440107 53.314605568 8.4814433724
630603 49.3532 7.7706
510199 52.26570332 9.767290513
994502 49.1304 12.9177
431992 54.325223 10.173895
808401 48.3563 12.1286
434203 54.2375 10.2957
922701 50.1048 11.6217
332020 52.43 12.9
397535 53.4381 13.6518
531999 52.247293984 10.503785417
890930 48.153052 11.646058
366010 50.9034 11.7999
957101 50.1436 11.0623
878301 48.7829 11.9608
842202 48.8684 11.0125
438400 54.2864 10.429
643641 50.53 8.04
993101 48.813058041 12.893590859
400123 53.615016539 10.114267745
651001 49.768917076 6.657291139
952501 50.0746 10.5716
353700 51.7991 12.9701
985401 49.0692 10.5268
262800 50.28 7.61
831080 0.0 0.0
268400 50.596043659 7.6280053318
637405 49.488 7.6194
874100 48.448277017 12.353671116
953101 50.1038 10.8031
829401 48.4261 10.719
882304 47.445 11.2709
374567 50.455767531 12.330152054
843100 48.734561183 11.184126224
506501 52.0619 9.9605
639107 49.160777685 7.8133478178
398106 53.3539 13.0928
364165 50.8877 11.6546
890099 48.138554 11.611421
551008 51.539212722 9.911738038
334390 52.53 13.75
266100 50.65 7.96
803901 0.0 0.0
372305 50.7982 12.7169
262400 50.43 7.67
556102 51.845 9.8857
331018 52.377348226 13.127669796
986803 49.2843 10.2835
907502 48.5111 10.5349
935101 50.0497 9.6692
373300 50.5948 13.0177
357316 51.521993141 13.976102612
368203 50.6573 10.6652
341469 51.3477 12.5222
346022 51.5326 12.1521
822401 48.498 10.4047
677403 50.12 7.79
917801 49.2441 10.9671
366041 50.8093 11.9741
376005 50.6725 12.4013
260100 50.46 7.62
572240 52.237071324 9.1097230905
346100 51.3585 11.9949
939102 49.8454 9.6228
828201 48.2302 10.3942
372983 50.7303 12.7051
807302 48.1546 12.2584
399592 53.9049 12.8476
687200 49.94 6.77
551600 51.545248611 9.9112357235
685500 49.53 7.25
982403 49.4003 10.6863
374110 50.4678 12.1611
349104 51.8792 12.6674
337508 52.326374999 13.6262225
985701 0.0 0.0
339405 53.1492 12.4809
351147 51.0293 13.7332
911788 49.487441999 10.974117489
878201 48.6289 11.9333
805602 47.943672591 12.376595975
552741 51.5451 10.3458
973201 50.1182 9.9237
634801 49.203257529 8.1696380377
399561 53.8221 12.7941
553140 51.8678 9.5285
333333 52.3269 12.5947
674400 50.1 7.74
655105 50.2 6.42
675402 49.8 7.53
675403 49.83 7.57
843199 48.735912086 11.178429022
346053 51.416182214 12.156246086
685104 49.47 7.2
346051 51.4341 12.1201
377545 50.6313 12.8104
352420 51.054 13.2969
952104 50.0404 10.5139
991003 48.875 12.9851
341470 51.285229324 12.31196607
991001 48.8781 12.9937
510902 52.2982 9.6369
965501 49.5295 12.3308
410801 53.3989 9.867
927799 49.990600899 11.7743017
342925 51.3571 12.6443
268300 50.64 7.41
671005 49.82 7.83
415101 53.4938 10.481
264201 50.55 7.24
345095 51.4564 11.9012
332011 52.46 13.1
982302 49.2994 10.4167
372974 50.6813987 12.942478604
385018 53.629918547 11.39828171
383080 54.3433 13.7342
369314 50.6079 10.3836
392985 51.9669 11.8786
366910 50.9733 11.8834
648600 50.26498035 7.9697416499
336107 52.3228 14.0397
555501 51.7088 9.7559
342045 51.393 12.1639
364700 50.6995 11.6103
504208 52.236230163 9.420344595
334400 52.757334 13.98551
913174 49.576334972 11.01483972
572402 52.247 9.1283
515110 52.095103211 9.3378173434
421068 53.205371133 8.5205455106
346402 51.5025556 11.2704426
346045 51.5209 12.0528
677303 50.22 7.61
346046 51.5389 12.0605
552301 51.6225 10.5277
337701 52.27 13.46
352641 51.3513 13.2262
371038 50.8472 12.9033
945201 48.842804 12.051933699
337905 52.345496385 13.428623023
263400 50.0 7.0
858601 48.6621 13.6142
383784 53.9563 14.1509
602904 50.0444 9.0636
372965 50.7198 12.7699
513899 52.318959258 9.978715666
554101 51.3948 9.6814
349091 51.8547 12.0399
554102 51.3948 9.6814
924601 49.8163 11.4954
677103 50.21 7.69
349095 51.859 12.0222
535102 52.2214 11.0137
263502 50.49 7.33
367014 50.5222 11.185
867791 48.166158997 12.821596637
867790 48.166908857 12.826677957
867792 48.172289517 12.845734342
918602 49.3453 11.5615
846303 49.0234 11.4139
516190 52.862296645 9.590499945
676300 49.94 7.4
367200 50.7201 11.3239
366210 50.6107 12.1752
637114 49.4 7.59
678100 49.702207471 7.3224469772
857102 48.2627 13.0171
382324 54.434210738 12.702496801
914701 49.045 11.0878
390108 52.8635 11.1599
821199 48.396136212 10.918232211
673302 49.78 8.18
653100 49.91 7.06
383030 54.367 13.705
374625 50.534374856 12.467544433
274100 50.78 7.87
265200 50.36 7.27
643900 50.354531 7.900066
550741 51.5463 10.1116
274104 50.8065 7.9198
264104 50.55 7.13
624903 49.8 8.34
632602 49.41 8.24
347711 51.3788 11.6081
623102 49.43 8.3
263500 50.5 7.32
943301 49.4317 12.21
274200 50.780043 7.73942
483200 54.0895 9.0789
400095 53.487717789 10.176897412
511570 52.39975509 9.827274036
346204 51.2987 12.066
558240 51.7081 10.5155
373100 50.9218 13.3483
263103 50.45 7.42
822106 48.4497 10.3042
377100 50.5901 12.7143
890868 48.107332253 11.549912805
685702 49.51 7.21
440500 53.1222 7.9781
506300 52.05277645 10.008165156
346331 51.287 11.8883
917002 49.3208 11.1228
340003 51.8021 12.1941
482101 53.9314 9.5486
454101 53.6765 10.6845
931706 49.781949867 9.973982916
957201 50.1503 11.2487
467103 54.648094918 8.9381645609
727203 49.15 8.31
727201 49.19 8.29
262602 50.52 7.75
366280 50.6561 11.9779
613203 49.9607 8.0363
850501 48.6669 13.4675
477101 53.6666 9.1118
346066 51.5443 11.9469
346065 51.603174353 11.964935447
383108 54.296300355 13.097138548
377115 50.5962 12.7197
831005 47.735721569 10.380968954
354200 51.862401989 13.955830403
808201 48.2747 12.2593
670900 49.77 7.89
264500 50.61 7.33
399713 53.9788 12.7046
349014 51.8925 12.2468
613000 49.92 8.09
338504 52.6046 12.3796
504100 52.209025316 9.537510885
346381 51.3424 12.1732
